196
53 11
61098 27198 2478 60488 1061 19871 70968 67042 45897 42293 56156 
4255 20
81866 86820 56287 86341 72649 86205 43634 64636 77860 30433 96564 4701 67242 99761 82795 26711 80831 49819 63616 36939 
5006 20
54408 54828 50106 68314 43268 21514 30427 91079 53649 6050 25614 12938 18289 57867 64415 76702 46101 95257 35815 39830 
1401 20
21662 36831 18325 32087 99567 40839 88283 25313 59882 89744 35776 650 63603 33765 10209 4430 85309 63672 77727 41249 
9806 20
3034 7833 27565 5897 66069 66792 23799 91531 48636 63040 51194 25166 32539 75753 17347 90405 26491 45685 5999 49240 
9692 17
991 12574 90107 94674 59362 89000 4046 53196 17138 49181 6893 38246 70740 10196 45235 44492 95232 
661 20
48941 87312 32402 83190 46618 77606 50977 25973 15297 26557 49350 31489 55860 41272 44823 15973 86001 9112 5110 66405 
2560 19
47035 50332 87694 47585 42077 98687 34286 9355 3919 90653 30532 46678 23625 36243 53012 57157 54891 12033 61536 
6008 20
29920 45867 5250 34661 11410 84551 87851 79165 43410 24401 60417 96729 54791 36282 49132 29348 34879 80558 14507 65795 
5057 18
98302 35107 51615 26128 52320 92737 91836 37004 20724 27485 37723 10394 30101 56288 69573 56493 54671 27927 
1551 19
57630 56068 37223 9404 57225 8504 4790 2684 97317 68416 88606 44066 60973 97265 34746 12481 51535 41567 21609 
54 16
67037 84312 25896 13920 66803 72890 42403 52778 1443 50638 97254 81349 16396 49211 24468 30585 
165 19
70232 77458 56855 28355 37089 6338 82111 76135 81958 78600 57068 71402 78531 77356 91426 51720 33518 88798 29967 
333 20
14167 66077 85210 54340 26728 17375 65703 77281 16094 98009 629 56452 42018 2253 22979 83552 28898 66274 43130 56312 
8884 18
90230 59177 63572 26684 3550 11645 36919 20310 67226 96767 42053 82713 22326 12151 6991 55880 94654 68993 
8924 20
12031 37607 75238 70709 11531 35164 63884 4045 74346 94983 39946 96539 82408 19112 35280 43711 36417 18916 60589 3317 
976 20
25452 69105 89648 84913 20915 2565 61575 79713 78129 70061 27399 92649 96395 40726 7768 3121 3485 61758 1581 84408 
1962 19
37278 84765 44428 96281 62671 73818 2502 30483 58664 29826 89879 68175 82765 51671 10878 78135 69742 96098 73637 
5239 20
96215 93034 98401 60165 84253 40472 78457 72887 31060 60645 77807 77922 77815 48604 85295 32705 84030 20909 84346 99630 
6370 20
33734 88380 46583 427 32239 37690 34253 18097 91160 32566 93433 94898 93870 3501 84683 48312 43840 60385 40362 25601 
1008 18
57938 78515 46188 13092 96445 51508 27054 27777 31576 49419 78428 2818 65480 52669 95842 84098 56557 16964 
8806 19
53684 68367 62452 16845 75719 72171 58071 37049 39730 38700 78327 2698 15056 26433 29987 4637 4935 22017 40312 
1267 20
96082 17825 66432 40834 13994 5885 53688 9506 34469 39525 592 30878 9453 62486 90776 67886 91226 82685 18473 2829 
8839 19
73517 13780 93992 11548 81713 62467 17418 61444 25692 80409 4964 15830 66404 30601 79479 48420 24954 25978 76776 
8728 19
71936 35203 33260 69082 65433 50050 87702 32405 56671 10134 74374 73194 74978 35881 72584 47730 18116 81479 15654 
9847 20
40102 53569 49572 25360 83320 76930 96190 11764 81346 98774 83562 67470 90236 51583 34886 42249 31148 86436 37905 85170 
1812 20
90159 89310 81393 52135 40192 89741 97811 38890 66766 85113 78702 53322 87752 86931 87679 65584 26813 54479 78892 52496 
1561 18
30326 71237 38789 92091 25619 18027 58267 92126 9880 16710 37006 87458 53032 16984 90433 5669 37612 27889 
2044 20
29958 39554 69029 71861 27066 89068 25945 63471 64546 92294 79761 7230 69976 59429 90947 34336 2766 73699 63723 84863 
2054 20
92636 91659 1710 6185 27668 44097 85047 64013 64706 45711 15150 57039 78222 78287 80293 59767 94677 2201 93387 38213 
9221 19
76388 57012 19985 67088 26344 74554 24514 70487 25306 52725 29873 90500 83297 88825 86722 93774 8245 88738 84026 
6352 18
42358 31336 45271 49638 61506 34590 27570 65044 40118 66726 43860 95531 23511 38972 64329 42176 77842 3993 
67 20
97380 10379 80138 17819 38474 53171 78606 23088 96609 19160 43532 29957 3776 56251 8420 70823 43389 97315 66461 13875 
8591 18
31632 10379 50910 84079 55863 31112 79328 4367 30074 78446 94483 64419 92938 60267 60237 2595 49613 58214 
6528 18
25347 50675 47273 75647 95983 19149 26612 13492 15264 66048 94286 7474 56565 44540 89483 8991 31839 52222 
9045 18
13713 20061 78045 81167 86487 43068 19468 62787 19059 21167 54030 45335 21723 37302 69232 78288 82414 41506 
803 19
53927 70093 90712 81940 38793 16274 97193 67839 50810 13551 64953 46309 87528 62986 31818 28304 80392 39931 8554 
5971 19
29132 22135 38344 22971 30555 74513 36326 83747 37400 48281 66882 70249 29902 46878 26586 59170 89985 17058 33269 
2392 19
5874 45798 19690 38070 61950 20247 49985 24706 62322 50451 49173 27503 13110 61279 42608 9482 48016 60584 95757 
6851 20
7601 88250 6744 10565 53761 4614 88064 75447 29042 34749 67363 13616 20274 58695 75112 19728 13606 80767 89482 10621 
1356 20
83283 52190 15920 73445 49706 77787 89796 40507 56979 61543 74453 1718 98328 70779 66975 63860 57786 7850 74656 13975 
8973 20
76599 52515 8089 94822 80592 18526 32010 72550 35726 20203 75414 54002 42555 6258 65888 82094 3804 16911 43139 103 
2373 20
92511 95985 99184 91996 57460 60194 5275 42763 81065 90410 29834 80114 79075 60599 80700 56102 90475 33766 12505 2562 
532 18
40565 28371 79778 41915 91636 22798 86400 83846 44285 89500 4761 50729 92286 75534 9513 78986 55620 67734 
2055 20
5499 59987 65188 91863 41799 41440 47421 97431 62518 88144 18570 55571 47379 77093 61117 92375 30771 93835 31848 57445 
3686 20
86381 3504 368 4589 64481 49658 48373 67725 17946 48264 74785 30454 47652 8515 5290 72494 50903 75781 85782 1455 
3092 19
27169 56358 18211 77378 41758 28130 30594 53688 43220 52121 52667 31908 30153 97590 45266 68998 61478 76547 85027 
1766 19
53596 67168 24458 81273 52409 79777 72289 74387 61094 77826 69757 50775 13224 75892 6660 93776 75696 12421 554 
2759 20
39908 59588 22593 33693 20900 90412 43513 39207 18178 48522 10911 89978 49471 90172 76238 23359 23179 91442 32169 59994 
3130 18
88641 56914 23567 26726 74193 74557 21113 79652 92289 51923 61595 31519 1414 82904 71423 16468 33482 59713 
86 20
36423 10795 43935 16121 3767 41539 62883 62817 42084 25588 47605 92133 49254 7112 85049 96175 7957 99786 40976 72443 
8471 18
78117 94993 69879 35984 16276 82112 8621 88411 56064 34159 84197 59116 96319 85198 55075 33641 95942 94936 
2666 17
33667 60452 55114 24085 95190 18220 76598 26796 86730 77976 53405 78768 88819 25484 4386 15898 29143 
7874 17
59671 80391 45742 30154 29032 88927 88206 4589 66548 20886 24224 70627 95943 7841 77996 43227 96421 
2798 19
62930 13972 5547 90997 55073 74714 25320 24639 58337 28463 39151 96876 7485 46101 79291 3363 51701 2298 36023 
4493 19
18211 4550 31388 64895 33398 21504 68092 42420 35565 18954 11542 97991 54738 62757 38337 21576 966 9127 55767 
185 20
23886 42303 51679 31531 18316 34603 20578 8286 54999 66884 23743 92716 8393 59268 22544 1773 23847 68514 1563 25879 
8063 19
30541 40424 54650 6973 99401 40264 584 56526 83707 20005 67137 89491 29518 66482 41326 62555 91775 86727 43447 
6185 19
43886 10957 64503 26521 88182 94908 13777 85140 80553 39140 75533 1550 81670 50605 47875 53631 4259 92901 49168 
836 19
79309 88896 58737 32937 65475 11472 43994 48816 46794 21077 33905 95451 26497 23010 65888 42037 33446 66978 56437 
7037 20
48985 81267 53124 43135 83890 48839 56971 76844 53984 99397 43065 91291 65088 78772 47961 5450 12469 80734 30514 37019 
6731 20
23942 27771 85691 79451 47566 18816 68330 12788 75800 69452 93050 91015 52706 47041 85659 46905 9527 54323 3019 94173 
7040 20
61395 10448 63916 26840 81695 18632 20104 6429 68762 52031 40241 9114 51633 12011 19113 15896 95228 40704 36601 80914 
7197 19
33752 79354 40527 45087 9789 70548 60373 57881 37221 35493 57825 50884 22905 29183 47711 32052 85002 23852 17486 
9366 20
75178 85910 82205 34693 73429 37545 12622 47150 23953 84561 39384 12263 7149 67766 27851 19637 60575 12057 77684 29358 
408 20
94197 31129 34200 2194 25439 65595 69455 54593 13037 95036 16803 62757 79566 69269 42226 45051 47022 68646 79586 70901 
1099 20
74087 3027 1075 4067 87950 9047 85532 36520 68919 45774 9996 74838 67660 89199 429 81056 31062 46920 36492 36238 
2050 19
91098 54561 63098 67661 38205 41604 22575 47813 57326 69260 41857 14901 26804 99519 50714 98129 20173 67012 14026 
1719 19
39707 86303 50773 24651 73115 75912 70136 45363 70370 68171 84316 37716 53247 18281 51267 48799 14994 82680 68106 
8408 19
9756 16222 31076 23569 13455 63077 27938 35896 40222 47632 3312 82975 23584 5279 4098 69966 37821 22006 46750 
4073 17
2359 68855 46024 27061 80978 27832 28100 15207 74354 54761 55069 15461 10082 63376 53563 26997 42866 
3379 20
26928 59275 49574 24050 39822 42082 86589 12270 84328 28652 39501 27275 9205 79397 50098 55511 98941 46467 94541 82652 
9926 19
60582 88696 93284 90990 60362 71798 78372 83446 47992 61502 56215 85636 31119 84581 64989 28125 81947 96756 51440 
9259 20
74440 88182 59748 27699 61950 99710 10014 41786 91925 26841 45917 49273 8067 27425 27456 87543 52538 56767 5466 75674 
1236 20
85762 48669 70965 17094 48466 84241 47 64338 10906 38719 27413 74084 41630 47664 79905 72766 2636 93601 67494 83149 
5036 20
31959 9900 45519 77929 13644 18083 92696 39903 29604 46328 30645 579 40914 39032 53126 58639 85664 13524 52674 35359 
6897 19
56907 95402 83304 28038 71074 14860 10856 3932 87937 54263 6564 43423 14925 48793 75602 16476 73295 54084 37550 
3530 18
44789 95931 48127 92725 43068 82559 97317 94431 69424 13064 5875 28647 69212 94086 30514 14682 57410 6552 
3169 20
81404 68833 21488 88523 47381 91815 27517 50325 39686 21040 45464 14258 55535 32833 61712 27591 28600 83548 51699 97013 
7668 18
32857 78534 93229 8053 36925 67900 51435 85338 98104 77890 77543 72876 13007 59940 14518 21284 62646 13360 
9852 20
49328 43414 65136 43624 14664 11346 24273 77919 71367 17676 46923 87708 42466 47385 43809 6912 2901 76378 52206 22245 
9437 18
63959 29046 54626 79888 7993 26585 57399 15267 84345 22126 42750 9563 18572 78953 78864 61983 44727 9879 
1710 20
69544 23575 87730 81702 72811 82128 28593 24420 49003 54573 8315 16624 79794 97475 40172 87138 70407 12570 18689 88922 
518 20
77077 46188 18559 96228 72282 61006 28857 87760 15787 49205 39438 91668 45991 77244 23081 83144 2479 50495 17225 58061 
3215 20
97697 28626 87224 87041 76153 17979 23408 85996 45484 94834 56506 16565 29694 9127 56551 51720 19258 48973 12289 85233 
3899 18
77763 94267 65256 57756 51086 501 14286 3164 37706 34694 31861 61790 39555 53892 62006 96065 26833 87204 
860 20
17683 27169 55020 77123 69340 27050 69766 61696 87905 92223 38013 27588 92083 57249 38587 15935 75781 3974 73643 35691 
5663 17
47686 52013 19879 37358 81716 62251 56926 40617 11433 70280 45285 27257 88330 44041 71284 44330 71163 
9359 19
50397 81348 72169 3917 73996 8847 63696 27446 76616 35104 89808 13330 82061 64099 1087 25878 16230 34050 68912 
8738 17
34438 20614 68221 1081 46844 42857 89237 2052 92795 33701 88550 485 69069 47390 10840 36519 41936 
1340 18
48422 30989 2184 79385 26338 29399 66307 7179 83278 2239 7227 11220 46563 56105 9369 18235 42587 70815 
3647 20
19488 60015 17388 68843 26260 46038 6182 42891 63484 25825 6503 58458 53261 17450 87904 70903 84733 26457 60536 80277 
7356 19
55815 86203 60057 22450 33828 19397 64821 68976 79611 26562 39035 63317 65611 85225 75304 52921 79870 10786 94419 
9262 18
58501 67106 71584 69915 49295 36382 29142 84968 59008 21529 50119 84435 1725 61316 45949 56822 53215 29760 
6702 19
32460 89309 25794 18442 19296 36390 25065 65657 45821 46273 22817 75983 76843 41999 8808 81785 93166 63639 50753 
1618 20
30016 59773 98289 41190 34808 30245 87687 19733 97250 2216 37148 89628 52505 39408 59552 81907 27330 43601 36 16210 
9063 19
53518 78557 41721 79025 62537 41578 70280 92500 8470 78046 4984 87908 77451 83540 68657 58503 65731 59255 53693 
966 17
74040 20379 15370 59592 64648 18952 65968 40690 52294 54415 53320 68523 42312 99123 6750 74347 61905 
7219 17
30095 80035 10232 61498 83244 65577 8046 79025 99905 6933 52610 56374 81402 95844 76261 46688 10771 
3490 17
36562 47025 28515 28574 9042 63597 26325 38819 90057 9197 523 53819 16656 25948 73667 42799 26137 
1526 18
49380 55383 50207 60687 46236 32302 6366 17543 22533 76068 90084 52941 32737 69806 69094 97275 75968 9957 
9384 20
17526 98552 90856 60477 27776 16419 35654 39072 35328 36659 96143 9274 65987 61627 35560 93752 35901 13118 55104 37785 
4024 19
85138 7872 61395 25713 67415 62073 97843 56000 74750 47185 88984 40333 56147 96867 71537 67597 74278 70994 71113 
5442 19
46339 77040 39546 11185 4414 8369 5966 65527 50758 90500 24380 84803 19549 82770 38414 76131 31644 88037 1754 
1347 17
18145 72872 16671 75457 7094 40508 34578 91136 94280 81931 82341 36295 27208 5755 98140 82119 89330 
6235 20
54675 98310 2510 89751 51514 33564 21213 14188 78483 27975 20599 23126 10813 67868 16201 74048 89434 85956 44347 43368 
3749 16
40071 34952 6135 5157 80760 33851 53713 99459 99171 20994 70919 1725 68045 52300 64239 85040 
6207 19
70371 68841 73696 59040 46127 19723 83302 77622 94161 14763 82293 6564 38085 35010 34029 89193 90619 58376 20947 
7833 20
48921 80729 81100 15040 75439 28263 13413 27970 6455 13335 25955 76171 17284 55296 951 65603 77924 82706 28929 96292 
1661 20
24511 85544 148 52131 38934 31834 63329 54200 78657 11558 39745 99581 61243 51298 24792 88907 35534 41620 75322 86486 
607 17
19540 27386 51027 8687 23142 71566 78225 40585 7687 16270 77966 9855 93400 19286 12217 94328 60777 
1490 18
39436 98149 8390 37602 92063 22143 54455 56948 72180 68749 72749 29781 37727 22718 16371 49141 82988 77102 
7741 20
9181 17677 90671 18161 47448 21046 20515 87028 33656 29353 91219 84681 36635 45832 16857 82609 41489 56165 41997 18092 
6013 19
30868 17529 71700 61328 16065 49022 76634 17024 26446 32039 5349 45116 21371 87377 20248 57774 58394 35095 43721 
5233 17
26521 16523 64931 55260 55282 97031 47707 1232 25607 93476 68560 84401 59516 88677 78256 33531 44879 
338 19
1710 26102 12976 9507 90835 71286 89611 95016 35830 15660 59604 93245 67263 90862 90353 90993 91877 10913 16415 
1265 15
43649 23903 16146 68475 74434 86827 6345 12384 40536 15495 63830 72999 24675 19613 62157 
2831 18
93596 15419 93973 22273 38304 98578 47150 45097 28660 27785 44596 19327 95479 34178 87748 23139 3628 82123 
1438 20
68407 23290 2534 81831 97390 71586 70205 12833 32566 1026 57769 42181 28131 2235 8610 93989 4492 78128 10044 65681 
1302 20
59592 80925 70175 37395 33320 30149 87842 10070 11106 80549 36161 78333 64725 77959 52201 60380 10683 80169 86249 44582 
5555 16
43114 41617 26780 15588 5128 48511 40617 72557 77368 44824 52666 43089 53231 21604 3773 88406 
9636 19
66300 13836 94382 22875 97065 45399 81091 8473 11817 26596 14039 3261 85429 52435 74739 7273 4076 27211 77358 
8007 19
54352 6443 96427 40022 72541 11953 30831 69823 46666 81508 76165 72651 57778 29781 49812 3544 62831 3974 96336 
2103 17
94707 52305 10579 25083 98670 52840 19124 11028 14424 37862 6743 32613 82672 52599 61578 29044 82318 
5253 16
64201 99430 62612 57400 73072 61696 99376 36834 85784 78115 76325 73675 77442 34580 79894 57109 
255 19
39570 82915 5672 46524 80009 5944 79059 94892 79133 61948 28377 34142 18475 53204 60046 1534 48077 94936 65354 
1985 20
21711 53075 17474 61947 55034 21684 79703 44967 75766 36762 12654 85728 46771 50199 52897 15175 71188 21898 72046 77460 
8902 19
33301 22675 45112 94621 37332 22065 32830 18407 60157 38268 42818 24014 40132 39516 45574 96807 63862 31122 51948 
7330 19
64336 99326 62727 36096 62179 2640 28662 43214 1405 1190 50827 67048 73596 7272 46124 98435 93978 49032 82553 
8065 20
95677 44910 44390 45731 79065 71799 44824 85811 77007 64707 4287 2140 62633 20829 85306 57453 82938 487 27680 7788 
1141 17
76387 92514 22460 90440 36138 46144 22369 75236 61271 83684 14213 3452 20032 22551 97348 27304 17484 
2494 20
81348 27023 56915 68176 60429 90979 43388 25365 34295 27872 9685 47821 83281 48097 35272 28125 79527 23495 30695 27902 
6547 18
5873 47431 77344 1551 38245 76796 69601 41022 948 17386 70366 69784 82904 65955 75157 42728 33036 35009 
1192 20
3642 73614 93095 57282 40448 97350 41635 46738 24015 10881 24210 35148 93879 16515 2495 6912 7660 66298 72602 93215 
6522 20
91042 7268 41959 26248 25184 15542 24622 39169 36097 16813 24468 84177 15811 50071 20421 27841 69031 81943 90661 90521 
7637 19
97166 81221 72436 63042 14319 64449 55467 90300 63221 3599 44301 13345 8429 28763 57007 81661 11312 76630 48679 
2007 19
81808 68230 41736 90276 15539 71235 34283 38015 9537 8237 86760 31316 65964 12360 97125 25632 35018 61414 33004 
7599 19
13673 85363 14510 6450 79840 84313 80113 94218 65680 87924 15740 25754 82086 44570 55343 15969 55396 15490 65522 
5459 20
74593 8289 76319 36297 56292 7251 36989 71312 25424 46840 69708 39300 74022 98948 15186 62777 28672 32933 95151 1242 
4320 20
22018 18150 77437 64836 72292 33109 38599 830 69719 23979 62707 6675 89483 1680 61953 42132 17619 48582 20351 15289 
8579 17
25061 67792 32857 59987 50172 56611 86479 58380 23517 94163 18647 3105 29781 49773 93644 66400 59806 
8705 18
90488 10597 95673 30052 32535 92879 96302 10174 76391 6164 24516 36907 60599 82756 90814 96945 38588 78570 
2887 19
52250 93017 80591 79304 49005 85103 45836 69447 81469 85251 22640 59569 83250 38765 9226 99720 51033 49829 36666 
9044 19
92329 45814 60530 92536 91227 23935 46683 49581 17491 70542 9389 79729 46489 18858 83553 78825 1450 4919 79585 
245 18
12185 19063 26545 49980 74282 42277 67961 9366 35988 85377 13505 21775 43905 33358 95513 21579 93787 82311 
7753 20
54794 20565 40904 63811 93271 61078 1329 30923 77982 92741 91502 49273 66184 80803 42937 51085 98850 73238 58291 86372 
104 18
25835 4844 10565 91304 8094 34586 44000 29800 22166 8280 33150 99872 40195 1385 465 25130 71482 57272 
3358 20
19128 76535 88505 87713 56633 52329 8879 93001 75103 49444 51928 38521 50566 99469 509 64746 3125 4134 42331 2243 
5171 20
16578 35832 10543 49129 52278 83485 98516 58294 59834 71222 53013 31258 22050 72825 72316 8111 32968 57161 30835 80163 
2709 20
36546 24031 98491 80085 18216 45712 25044 38049 82438 7110 23723 90342 18647 39089 87374 336 34423 12126 26392 25871 
9530 19
78919 59229 30646 46332 27657 65930 70247 94433 71577 72234 84206 5518 83438 3263 71665 3782 91234 8645 18334 
5930 19
91714 52226 46248 60749 13025 80413 38943 27780 40935 24922 61480 71442 88832 86803 71188 83997 60 20363 94342 
3120 20
63599 45779 89957 86000 70284 807 99902 3756 72215 41195 54200 92494 80761 74725 82105 81665 75149 16260 95577 85769 
3468 18
57966 76678 90099 12164 37840 41755 4055 51407 50882 24981 41808 44711 96138 10881 57213 64251 96985 31240 
5315 19
56041 89245 54183 73952 51460 38890 22766 60702 9001 74978 1134 83558 30728 576 29853 19028 65764 46675 70880 
3364 20
9061 29613 63077 36527 26865 263 12337 75871 22334 40354 12458 43230 44704 65692 89773 57623 18219 16241 4523 14553 
7817 20
56470 99315 68511 74394 66355 63577 29661 75433 6618 9071 60228 4185 2242 67717 22717 56111 72040 57777 50495 38043 
2926 15
54429 40328 65807 38518 73405 71063 64459 40243 766 79790 1535 3508 43807 58374 28810 
6654 17
5163 56962 4688 82253 56570 72165 31707 78231 68860 18908 40876 42309 10613 63573 4327 61709 27796 
158 20
59124 56358 40091 41869 54957 46500 76297 29961 40916 74345 18840 51773 24685 18337 7136 80158 37704 9689 59994 93386 
6715 18
35878 70288 49510 96008 9544 69349 94724 95314 3598 68116 34769 21077 98111 26822 67956 75926 92033 1147 
2830 20
73779 43765 27169 2816 85802 50999 24754 93477 11521 52506 81508 66058 69904 17347 2023 22923 62515 74125 3571 65030 
3526 17
69986 11688 31730 23684 58112 4962 88159 55524 11525 98517 35922 74056 92743 76640 55256 41057 18404 
2028 18
78044 32231 55712 8471 3199 80948 78759 72342 56065 85262 5657 26692 5747 77285 31085 1 50008 95755 
9260 19
14984 61835 53201 62750 19858 16003 37030 7110 50276 44093 88279 34717 25254 3737 37728 18420 43062 83014 80160 
4751 20
57088 83790 59239 89530 79991 44506 61082 66529 17386 74636 63291 75845 83106 72919 17207 42928 71915 13108 26378 41838 
3419 19
52680 29169 77225 29401 31902 98236 1548 40585 31160 99129 54766 99394 51480 68646 59793 72445 65868 16653 58214 
7229 18
38439 47866 74080 51104 56069 92067 60416 82779 44285 50216 33772 23014 23023 78364 81355 26951 77985 83214 
788 20
71733 9191 7475 80925 37079 86221 39540 88573 80778 47995 81437 52063 56596 72963 25815 44452 7660 92758 32579 60624 
7108 15
54978 90784 99096 5157 7068 68338 52131 74552 6588 84838 48577 33285 12876 31126 17639 
7412 20
68343 59333 45165 27169 52651 43542 5212 94954 33887 69932 33927 86753 9474 55422 31548 80424 34867 75750 17176 13706 
5485 18
85344 11452 37542 92665 9544 5576 97710 27780 62968 22607 80877 37989 28851 18833 16431 72241 44747 6395 
2541 18
23352 96147 57554 79040 25662 73929 12444 32094 41831 12038 54239 98796 43459 29965 19302 59039 14967 5197 
5390 20
1629 26973 91957 41659 46059 96555 76674 98409 37734 9937 80485 5053 65140 61675 83944 32506 75021 41223 6763 41258 
7607 18
36793 13578 30674 27708 68105 88927 54689 31124 21455 6586 89878 21239 23812 44318 81943 26623 38648 81250 
930 20
15374 77709 50122 98123 69882 32075 60154 30940 68671 24536 24066 64593 64149 69252 62830 8878 55988 31670 68975 76659 
9923 19
37657 53462 13489 32353 78867 1762 37342 59906 9711 97093 91828 54496 72372 81253 52952 75140 29856 73896 24032 
4337 19
90856 67208 7456 96643 13160 21166 68986 11477 66217 56114 49432 64022 49828 67132 1009 65236 32526 47954 13615 
5103 20
49313 86281 66778 18893 13140 96270 87120 88565 82090 35942 39732 82602 70888 12604 15842 98825 85904 29080 73651 85604 
8864 20
45015 2765 98952 52428 9988 68425 89664 66286 58855 84343 25442 59322 3644 123 10942 92168 3008 98665 29077 74161 
974 20
50584 81788 36841 18860 95871 2107 8501 18023 29246 52218 90806 59834 5647 34577 44538 75170 50200 59541 81697 52876 
5928 20
6437 89184 42070 6800 73704 58680 98020 16327 30727 58003 9901 70381 92971 71629 93169 46283 2104 82890 89660 48786 
8438 20
3114 31212 41446 53808 68430 61081 97309 81484 13091 89572 28485 19863 24174 66624 38585 84615 32997 32161 10531 48060 
9066 20
66300 80719 11625 86606 73467 78821 1232 86419 16172 53453 89128 66404 38650 9903 57252 58568 68939 17606 49881 47537 
7104 18
6640 86511 88759 92978 52594 14464 11303 87687 54403 2984 50761 80549 31313 13281 61556 72320 71194 26014 
1026 20
63978 75733 79389 27446 37031 89779 45896 59147 19806 44846 90014 52055 13929 62831 15746 92045 54588 79802 15279 41952 
6218 16
28704 99660 71790 9772 18018 21458 11167 26004 97296 70536 66609 93996 36207 78879 52549 90010 
7514 17
84840 65697 44651 94203 20636 97283 85114 17566 28664 48287 46123 72608 27555 2159 88281 48953 32886 
2611 19
20379 72537 29310 97483 2013 85641 57813 30014 35787 52184 29626 42207 20784 75980 71017 46689 55573 2252 70329 
8248 18
36708 20244 6026 60021 15594 32497 96671 63578 93927 44384 2253 89385 67350 62936 520 18854 6764 29618 
688 18
22656 6101 60412 50065 12536 81903 17946 22826 43277 71898 23263 91812 30528 49316 7324 74377 68621 87029 
7390 20
32183 33598 14019 69405 61667 35471 35745 55874 6378 83525 18160 20872 54236 50256 5640 915 4670 93362 27509 12894 
1284 17
91858 25926 9653 24449 47498 76152 23372 57915 73962 7946 41598 40470 47274 86714 4411 57491 10114 
6793 16
5382 74394 79152 6450 33019 42097 67385 11329 35889 19311 77295 93306 57183 28348 17817 31062 
2654 20
56342 52135 24666 87261 26388 65732 56328 53766 68175 34216 66448 21143 44090 93117 86323 30789 34439 58979 65567 78135 
1732 18
66346 85095 77835 36969 86390 42712 79532 95742 51465 83200 20354 35228 81321 69460 13456 36844 59602 13721 
